x: 45
y: 66
ps: 0

Spójne wierzchołki:
 0 1 45 2 46 90 3 47 91 135 4
 48 92 136 180 5 49 93 137 181 225
 6 50 94 138 182 226 270 7 51 95
 139 183 227 271 315 8 52 96 140 184
 228 272 316 360 9 53 97 141 185 229
 273 317 361 405 10 54 98 142 186 230
 274 318 362 406 450 11 55 99 143 187
 231 275 319 363 407 451 495 12 56 100
 144 188 232 276 320 364 408 452 496 540
 13 57 101 145 189 233 277 321 365 409
 453 497 541 585 14 58 102 146 190 234
 278 322 366 410 454 498 542 586 630 15
 59 103 147 191 235 279 323 367 411 455
 499 543 587 631 675 16 60 104 148 192
 236 280 324 368 412 456 500 544 588 632
 676 720 17 61 105 149 193 237 281 325
 369 413 457 501 545 589 633 677 721 765
 18 62 106 150 194 238 282 326 370 414
 458 502 546 590 634 678 722 766 810 19
 63 107 151 195 239 283 327 371 415 459
 503 547 591 635 679 723 767 811 855 20
 64 108 152 196 240 284 328 372 416 460
 504 548 592 636 680 724 768 812 856 900
 21 65 109 153 197 241 285 329 373 417
 461 505 549 593 637 681 725 769 813 857
 901 945 22 66 110 154 198 242 286 330
 374 418 462 506 550 594 638 682 726 770
 814 858 902 946 990 23 67 111 155 199
 243 287 331 375 419 463 507 551 595 639
 683 727 771 815 859 903 947 991 1035 24
 68 112 156 200 244 288 332 376 420 464
 508 552 596 640 684 728 772 816 860 904
 948 992 1036 1080 25 69 113 157 201 245
 289 333 377 421 465 509 553 597 641 685
 729 773 817 861 905 949 993 1037 1081 1125
 26 70 114 158 202 246 290 334 378 422
 466 510 554 598 642 686 730 774 818 862
 906 950 994 1038 1082 1126 1170 27 71 115
 159 203 247 291 335 379 423 467 511 555
 599 643 687 731 775 819 863 907 951 995
 1039 1083 1127 1171 1215 28 72 116 160 204
 248 292 336 380 424 468 512 556 600 644
 688 732 776 820 864 908 952 996 1040 1084
 1128 1172 1216 1260 29 73 117 161 205 249
 293 337 381 425 469 513 557 601 645 689
 733 777 821 865 909 953 997 1041 1085 1129
 1173 1217 1261 1305 30 74 118 162 206 250
 294 338 382 426 470 514 558 602 646 690
 734 778 822 866 910 954 998 1042 1086 1130
 1174 1218 1262 1306 1350 31 75 119 163 207
 251 295 339 383 427 471 515 559 603 647
 691 735 779 823 867 911 955 999 1043 1087
 1131 1175 1219 1263 1307 1351 1395 32 76 120
 164 208 252 296 340 384 428 472 516 560
 604 648 692 736 780 824 868 912 956 1000
 1044 1088 1132 1176 1220 1264 1308 1352 1396 1440
 33 77 121 165 209 253 297 341 385 429
 473 517 561 605 649 693 737 781 825 869
 913 957 1001 1045 1089 1133 1177 1221 1265 1309
 1353 1397 1441 1485 34 78 122 166 210 254
 298 342 386 430 474 518 562 606 650 694
 738 782 826 870 914 958 1002 1046 1090 1134
 1178 1222 1266 1310 1354 1398 1442 1486 1530 35
 79 123 167 211 255 299 343 387 431 475
 519 563 607 651 695 739 783 827 871 915
 959 1003 1047 1091 1135 1179 1223 1267 1311 1355
 1399 1443 1487 1531 1575 36 80 124 168 212
 256 300 344 388 432 476 520 564 608 652
 696 740 784 828 872 916 960 1004 1048 1092
 1136 1180 1224 1268 1312 1356 1400 1444 1488 1532
 1576 1620 37 81 125 169 213 257 301 345
 389 433 477 521 565 609 653 697 741 785
 829 873 917 961 1005 1049 1093 1137 1181 1225
 1269 1313 1357 1401 1445 1489 1533 1577 1621 1665
 38 82 126 170 214 258 302 346 390 434
 478 522 566 610 654 698 742 786 830 874
 918 962 1006 1050 1094 1138 1182 1226 1270 1314
 1358 1402 1446 1490 1534 1578 1622 1666 1710 39
 83 127 171 215 259 303 347 391 435 479
 523 567 611 655 699 743 787 831 875 919
 963 1007 1051 1095 1139 1183 1227 1271 1315 1359
 1403 1447 1491 1535 1579 1623 1667 1711 1755 40
 84 128 172 216 260 304 348 392 436 480
 524 568 612 656 700 744 788 832 876 920
 964 1008 1052 1096 1140 1184 1228 1272 1316 1360
 1404 1448 1492 1536 1580 1624 1668 1712 1756 1800
 41 85 129 173 217 261 305 349 393 437
 481 525 569 613 657 701 745 789 833 877
 921 965 1009 1053 1097 1141 1185 1229 1273 1317
 1361 1405 1449 1493 1537 1581 1625 1669 1713 1757
 1801 1845 42 86 130 174 218 262 306 350
 394 438 482 526 570 614 658 702 746 790
 834 878 922 966 1010 1054 1098 1142 1186 1230
 1274 1318 1362 1406 1450 1494 1538 1582 1626 1670
 1714 1758 1802 1846 1890 43 87 131 175 219
 263 307 351 395 439 483 527 571 615 659
 703 747 791 835 879 923 967 1011 1055 1099
 1143 1187 1231 1275 1319 1363 1407 1451 1495 1539
 1583 1627 1671 1715 1759 1803 1847 1891 1935 44
 88 132 176 220 264 308 352 396 440 484
 528 572 616 660 704 748 792 836 880 924
 968 1012 1056 1100 1144 1188 1232 1276 1320 1364
 1408 1452 1496 1540 1584 1628 1672 1716 1760 1804
 1848 1892 1936 1980 89 133 177 221 265 309
 353 397 441 485 529 573 617 661 705 749
 793 837 881 925 969 1013 1057 1101 1145 1189
 1233 1277 1321 1365 1409 1453 1497 1541 1585 1629
 1673 1717 1761 1805 1849 1893 1937 1981 2025 134
 178 222 266 310 354 398 442 486 530 574
 618 662 706 750 794 838 882 926 970 1014
 1058 1102 1146 1190 1234 1278 1322 1366 1410 1454
 1498 1542 1586 1630 1674 1718 1762 1806 1850 1894
 1938 1982 2026 2070 179 223 267 311 355 399
 443 487 531 575 619 663 707 751 795 839
 883 927 971 1015 1059 1103 1147 1191 1235 1279
 1323 1367 1411 1455 1499 1543 1587 1631 1675 1719
 1763 1807 1851 1895 1939 1983 2027 2071 2115 224
 268 312 356 400 444 488 532 576 620 664
 708 752 796 840 884 928 972 1016 1060 1104
 1148 1192 1236 1280 1324 1368 1412 1456 1500 1544
 1588 1632 1676 1720 1764 1808 1852 1896 1940 1984
 2028 2072 2116 2160 269 313 357 401 445 489
 533 577 621 665 709 753 797 841 885 929
 973 1017 1061 1105 1149 1193 1237 1281 1325 1369
 1413 1457 1501 1545 1589 1633 1677 1721 1765 1809
 1853 1897 1941 1985 2029 2073 2117 2161 2205 314
 358 402 446 490 534 578 622 666 710 754
 798 842 886 930 974 1018 1062 1106 1150 1194
 1238 1282 1326 1370 1414 1458 1502 1546 1590 1634
 1678 1722 1766 1810 1854 1898 1942 1986 2030 2074
 2118 2162 2206 2250 359 403 447 491 535 579
 623 667 711 755 799 843 887 931 975 1019
 1063 1107 1151 1195 1239 1283 1327 1371 1415 1459
 1503 1547 1591 1635 1679 1723 1767 1811 1855 1899
 1943 1987 2031 2075 2119 2163 2207 2251 2295 404
 448 492 536 580 624 668 712 756 800 844
 888 932 976 1020 1064 1108 1152 1196 1240 1284
 1328 1372 1416 1460 1504 1548 1592 1636 1680 1724
 1768 1812 1856 1900 1944 1988 2032 2076 2120 2164
 2208 2252 2296 2340 449 493 537 581 625 669
 713 757 801 845 889 933 977 1021 1065 1109
 1153 1197 1241 1285 1329 1373 1417 1461 1505 1549
 1593 1637 1681 1725 1769 1813 1857 1901 1945 1989
 2033 2077 2121 2165 2209 2253 2297 2341 2385 494
 538 582 626 670 714 758 802 846 890 934
 978 1022 1066 1110 1154 1198 1242 1286 1330 1374
 1418 1462 1506 1550 1594 1638 1682 1726 1770 1814
 1858 1902 1946 1990 2034 2078 2122 2166 2210 2254
 2298 2342 2386 2430 539 583 627 671 715 759
 803 847 891 935 979 1023 1067 1111 1155 1199
 1243 1287 1331 1375 1419 1463 1507 1551 1595 1639
 1683 1727 1771 1815 1859 1903 1947 1991 2035 2079
 2123 2167 2211 2255 2299 2343 2387 2431 2475 584
 628 672 716 760 804 848 892 936 980 1024
 1068 1112 1156 1200 1244 1288 1332 1376 1420 1464
 1508 1552 1596 1640 1684 1728 1772 1816 1860 1904
 1948 1992 2036 2080 2124 2168 2212 2256 2300 2344
 2388 2432 2476 2520 629 673 717 761 805 849
 893 937 981 1025 1069 1113 1157 1201 1245 1289
 1333 1377 1421 1465 1509 1553 1597 1641 1685 1729
 1773 1817 1861 1905 1949 1993 2037 2081 2125 2169
 2213 2257 2301 2345 2389 2433 2477 2521 2565 674
 718 762 806 850 894 938 982 1026 1070 1114
 1158 1202 1246 1290 1334 1378 1422 1466 1510 1554
 1598 1642 1686 1730 1774 1818 1862 1906 1950 1994
 2038 2082 2126 2170 2214 2258 2302 2346 2390 2434
 2478 2522 2566 2610 719 763 807 851 895 939
 983 1027 1071 1115 1159 1203 1247 1291 1335 1379
 1423 1467 1511 1555 1599 1643 1687 1731 1775 1819
 1863 1907 1951 1995 2039 2083 2127 2171 2215 2259
 2303 2347 2391 2435 2479 2523 2567 2611 2655 764
 808 852 896 940 984 1028 1072 1116 1160 1204
 1248 1292 1336 1380 1424 1468 1512 1556 1600 1644
 1688 1732 1776 1820 1864 1908 1952 1996 2040 2084
 2128 2172 2216 2260 2304 2348 2392 2436 2480 2524
 2568 2612 2656 2700 809 853 897 941 985 1029
 1073 1117 1161 1205 1249 1293 1337 1381 1425 1469
 1513 1557 1601 1645 1689 1733 1777 1821 1865 1909
 1953 1997 2041 2085 2129 2173 2217 2261 2305 2349
 2393 2437 2481 2525 2569 2613 2657 2701 2745 854
 898 942 986 1030 1074 1118 1162 1206 1250 1294
 1338 1382 1426 1470 1514 1558 1602 1646 1690 1734
 1778 1822 1866 1910 1954 1998 2042 2086 2130 2174
 2218 2262 2306 2350 2394 2438 2482 2526 2570 2614
 2658 2702 2746 2790 899 943 987 1031 1075 1119
 1163 1207 1251 1295 1339 1383 1427 1471 1515 1559
 1603 1647 1691 1735 1779 1823 1867 1911 1955 1999
 2043 2087 2131 2175 2219 2263 2307 2351 2395 2439
 2483 2527 2571 2615 2659 2703 2747 2791 2835 944
 988 1032 1076 1120 1164 1208 1252 1296 1340 1384
 1428 1472 1516 1560 1604 1648 1692 1736 1780 1824
 1868 1912 1956 2000 2044 2088 2132 2176 2220 2264
 2308 2352 2396 2440 2484 2528 2572 2616 2660 2704
 2748 2792 2836 2880 989 1033 1077 1121 1165 1209
 1253 1297 1341 1385 1429 1473 1517 1561 1605 1649
 1693 1737 1781 1825 1869 1913 1957 2001 2045 2089
 2133 2177 2221 2265 2309 2353 2397 2441 2485 2529
 2573 2617 2661 2705 2749 2793 2837 2881 2925 1034
 1078 1122 1166 1210 1254 1298 1342 1386 1430 1474
 1518 1562 1606 1650 1694 1738 1782 1826 1870 1914
 1958 2002 2046 2090 2134 2178 2222 2266 2310 2354
 2398 2442 2486 2530 2574 2618 2662 2706 2750 2794
 2838 2882 2926 1079 1123 1167 1211 1255 1299 1343
 1387 1431 1475 1519 1563 1607 1651 1695 1739 1783
 1827 1871 1915 1959 2003 2047 2091 2135 2179 2223
 2267 2311 2355 2399 2443 2487 2531 2575 2619 2663
 2707 2751 2795 2839 2883 2927 1124 1168 1212 1256
 1300 1344 1388 1432 1476 1520 1564 1608 1652 1696
 1740 1784 1828 1872 1916 1960 2004 2048 2092 2136
 2180 2224 2268 2312 2356 2400 2444 2488 2532 2576
 2620 2664 2708 2752 2796 2840 2884 2928 1169 1213
 1257 1301 1345 1389 1433 1477 1521 1565 1609 1653
 1697 1741 1785 1829 1873 1917 1961 2005 2049 2093
 2137 2181 2225 2269 2313 2357 2401 2445 2489 2533
 2577 2621 2665 2709 2753 2797 2841 2885 2929 1214
 1258 1302 1346 1390 1434 1478 1522 1566 1610 1654
 1698 1742 1786 1830 1874 1918 1962 2006 2050 2094
 2138 2182 2226 2270 2314 2358 2402 2446 2490 2534
 2578 2622 2666 2710 2754 2798 2842 2886 2930 1259
 1303 1347 1391 1435 1479 1523 1567 1611 1655 1699
 1743 1787 1831 1875 1919 1963 2007 2051 2095 2139
 2183 2227 2271 2315 2359 2403 2447 2491 2535 2579
 2623 2667 2711 2755 2799 2843 2887 2931 1304 1348
 1392 1436 1480 1524 1568 1612 1656 1700 1744 1788
 1832 1876 1920 1964 2008 2052 2096 2140 2184 2228
 2272 2316 2360 2404 2448 2492 2536 2580 2624 2668
 2712 2756 2800 2844 2888 2932 1349 1393 1437 1481
 1525 1569 1613 1657 1701 1745 1789 1833 1877 1921
 1965 2009 2053 2097 2141 2185 2229 2273 2317 2361
 2405 2449 2493 2537 2581 2625 2669 2713 2757 2801
 2845 2889 2933 1394 1438 1482 1526 1570 1614 1658
 1702 1746 1790 1834 1878 1922 1966 2010 2054 2098
 2142 2186 2230 2274 2318 2362 2406 2450 2494 2538
 2582 2626 2670 2714 2758 2802 2846 2890 2934 1439
 1483 1527 1571 1615 1659 1703 1747 1791 1835 1879
 1923 1967 2011 2055 2099 2143 2187 2231 2275 2319
 2363 2407 2451 2495 2539 2583 2627 2671 2715 2759
 2803 2847 2891 2935 1484 1528 1572 1616 1660 1704
 1748 1792 1836 1880 1924 1968 2012 2056 2100 2144
 2188 2232 2276 2320 2364 2408 2452 2496 2540 2584
 2628 2672 2716 2760 2804 2848 2892 2936 1529 1573
 1617 1661 1705 1749 1793 1837 1881 1925 1969 2013
 2057 2101 2145 2189 2233 2277 2321 2365 2409 2453
 2497 2541 2585 2629 2673 2717 2761 2805 2849 2893
 2937 1574 1618 1662 1706 1750 1794 1838 1882 1926
 1970 2014 2058 2102 2146 2190 2234 2278 2322 2366
 2410 2454 2498 2542 2586 2630 2674 2718 2762 2806
 2850 2894 2938 1619 1663 1707 1751 1795 1839 1883
 1927 1971 2015 2059 2103 2147 2191 2235 2279 2323
 2367 2411 2455 2499 2543 2587 2631 2675 2719 2763
 2807 2851 2895 2939 1664 1708 1752 1796 1840 1884
 1928 1972 2016 2060 2104 2148 2192 2236 2280 2324
 2368 2412 2456 2500 2544 2588 2632 2676 2720 2764
 2808 2852 2896 2940 1709 1753 1797 1841 1885 1929
 1973 2017 2061 2105 2149 2193 2237 2281 2325 2369
 2413 2457 2501 2545 2589 2633 2677 2721 2765 2809
 2853 2897 2941 1754 1798 1842 1886 1930 1974 2018
 2062 2106 2150 2194 2238 2282 2326 2370 2414 2458
 2502 2546 2590 2634 2678 2722 2766 2810 2854 2898
 2942 1799 1843 1887 1931 1975 2019 2063 2107 2151
 2195 2239 2283 2327 2371 2415 2459 2503 2547 2591
 2635 2679 2723 2767 2811 2855 2899 2943 1844 1888
 1932 1976 2020 2064 2108 2152 2196 2240 2284 2328
 2372 2416 2460 2504 2548 2592 2636 2680 2724 2768
 2812 2856 2900 2944 1889 1933 1977 2021 2065 2109
 2153 2197 2241 2285 2329 2373 2417 2461 2505 2549
 2593 2637 2681 2725 2769 2813 2857 2901 2945 1934
 1978 2022 2066 2110 2154 2198 2242 2286 2330 2374
 2418 2462 2506 2550 2594 2638 2682 2726 2770 2814
 2858 2902 2946 1979 2023 2067 2111 2155 2199 2243
 2287 2331 2375 2419 2463 2507 2551 2595 2639 2683
 2727 2771 2815 2859 2903 2947 2024 2068 2112 2156
 2200 2244 2288 2332 2376 2420 2464 2508 2552 2596
 2640 2684 2728 2772 2816 2860 2904 2948 2069 2113
 2157 2201 2245 2289 2333 2377 2421 2465 2509 2553
 2597 2641 2685 2729 2773 2817 2861 2905 2949 2114
 2158 2202 2246 2290 2334 2378 2422 2466 2510 2554
 2598 2642 2686 2730 2774 2818 2862 2906 2950 2159
 2203 2247 2291 2335 2379 2423 2467 2511 2555 2599
 2643 2687 2731 2775 2819 2863 2907 2951 2204 2248
 2292 2336 2380 2424 2468 2512 2556 2600 2644 2688
 2732 2776 2820 2864 2908 2952 2249 2293 2337 2381
 2425 2469 2513 2557 2601 2645 2689 2733 2777 2821
 2865 2909 2953 2294 2338 2382 2426 2470 2514 2558
 2602 2646 2690 2734 2778 2822 2866 2910 2954 2339
 2383 2427 2471 2515 2559 2603 2647 2691 2735 2779
 2823 2867 2911 2955 2384 2428 2472 2516 2560 2604
 2648 2692 2736 2780 2824 2868 2912 2956 2429 2473
 2517 2561 2605 2649 2693 2737 2781 2825 2869 2913
 2957 2474 2518 2562 2606 2650 2694 2738 2782 2826
 2870 2914 2958 2519 2563 2607 2651 2695 2739 2783
 2827 2871 2915 2959 2564 2608 2652 2696 2740 2784
 2828 2872 2916 2960 2609 2653 2697 2741 2785 2829
 2873 2917 2961 2654 2698 2742 2786 2830 2874 2918
 2962 2699 2743 2787 2831 2875 2919 2963 2744 2788
 2832 2876 2920 2964 2789 2833 2877 2921 2965 2834
 2878 2922 2966 2879 2923 2967 2924 2968 2969

Graf jest spójny.