x: 40
y: 23
ps: 0

Spójne wierzchołki:
0 1 40 2 41 80 3 42 81 120 4
 43 82 121 160 5 44 83 122 161 200
 6 45 84 123 162 201 240 7 46 85
 124 163 202 241 280 8 47 86 125 164
 203 242 281 320 9 48 87 126 165 204
 243 282 321 360 10 49 88 127 166 205
 244 283 322 361 400 11 50 89 128 167
 206 245 284 323 362 401 440 12 51 90
 129 168 207 246 285 324 363 402 441 480
 13 52 91 130 169 208 247 286 325 364
 403 442 481 520 14 53 92 131 170 209
 248 287 326 365 404 443 482 521 560 15
 54 93 132 171 210 249 288 327 366 405
 444 483 522 561 600 16 55 94 133 172
 211 250 289 328 367 406 445 484 523 562
 601 640 17 56 95 134 173 212 251 290
 329 368 407 446 485 524 563 602 641 680
 18 57 96 135 174 213 252 291 330 369
 408 447 486 525 564 603 642 681 720 19
 58 97 136 175 214 253 292 331 370 409
 448 487 526 565 604 643 682 721 760 20
 59 98 137 176 215 254 293 332 371 410
 449 488 527 566 605 644 683 722 761 800
 21 60 99 138 177 216 255 294 333 372
 411 450 489 528 567 606 645 684 723 762
 801 840 22 61 100 139 178 217 256 295
 334 373 412 451 490 529 568 607 646 685
 724 763 802 841 880 23 62 101 140 179
 218 257 296 335 374 413 452 491 530 569
 608 647 686 725 764 803 842 881 24 63
 102 141 180 219 258 297 336 375 414 453
 492 531 570 609 648 687 726 765 804 843
 882 25 64 103 142 181 220 259 298 337
 376 415 454 493 532 571 610 649 688 727
 766 805 844 883 26 65 104 143 182 221
 260 299 338 377 416 455 494 533 572 611
 650 689 728 767 806 845 884 27 66 105
 144 183 222 261 300 339 378 417 456 495
 534 573 612 651 690 729 768 807 846 885
 28 67 106 145 184 223 262 301 340 379
 418 457 496 535 574 613 652 691 730 769
 808 847 886 29 68 107 146 185 224 263
 302 341 380 419 458 497 536 575 614 653
 692 731 770 809 848 887 30 69 108 147
 186 225 264 303 342 381 420 459 498 537
 576 615 654 693 732 771 810 849 888 31
 70 109 148 187 226 265 304 343 382 421
 460 499 538 577 616 655 694 733 772 811
 850 889 32 71 110 149 188 227 266 305
 344 383 422 461 500 539 578 617 656 695
 734 773 812 851 890 33 72 111 150 189
 228 267 306 345 384 423 462 501 540 579
 618 657 696 735 774 813 852 891 34 73
 112 151 190 229 268 307 346 385 424 463
 502 541 580 619 658 697 736 775 814 853
 892 35 74 113 152 191 230 269 308 347
 386 425 464 503 542 581 620 659 698 737
 776 815 854 893 36 75 114 153 192 231
 270 309 348 387 426 465 504 543 582 621
 660 699 738 777 816 855 894 37 76 115
 154 193 232 271 310 349 388 427 466 505
 544 583 622 661 700 739 778 817 856 895
 38 77 116 155 194 233 272 311 350 389
 428 467 506 545 584 623 662 701 740 779
 818 857 896 39 78 117 156 195 234 273
 312 351 390 429 468 507 546 585 624 663
 702 741 780 819 858 897 79 118 157 196
 235 274 313 352 391 430 469 508 547 586
 625 664 703 742 781 820 859 898 119 158
 197 236 275 314 353 392 431 470 509 548
 587 626 665 704 743 782 821 860 899 159
 198 237 276 315 354 393 432 471 510 549
 588 627 666 705 744 783 822 861 900 199
 238 277 316 355 394 433 472 511 550 589
 628 667 706 745 784 823 862 901 239 278
 317 356 395 434 473 512 551 590 629 668
 707 746 785 824 863 902 279 318 357 396
 435 474 513 552 591 630 669 708 747 786
 825 864 903 319 358 397 436 475 514 553
 592 631 670 709 748 787 826 865 904 359
 398 437 476 515 554 593 632 671 710 749
 788 827 866 905 399 438 477 516 555 594
 633 672 711 750 789 828 867 906 439 478
 517 556 595 634 673 712 751 790 829 868
 907 479 518 557 596 635 674 713 752 791
 830 869 908 519 558 597 636 675 714 753
 792 831 870 909 559 598 637 676 715 754
 793 832 871 910 599 638 677 716 755 794
 833 872 911 639 678 717 756 795 834 873
 912 679 718 757 796 835 874 913 719 758
 797 836 875 914 759 798 837 876 915 799
 838 877 916 839 878 917 879 918 919

Graf jest spójny.