x: 30
y: 50
ps: 10

Spójne wierzchołki:
 10 9 11 40 8 39 12 41 70 7 38
 69 13 42 71 100 6 37 68 99 14
 43 72 101 130 5 36 67 98 129 15
 44 73 102 131 160 4 35 66 97 128
 159 16 45 74 103 132 161 190 3 34
 65 96 127 158 189 17 46 75 104 133
 162 191 220 2 33 64 95 126 157 188
 219 18 47 76 105 134 163 192 221 250
 1 32 63 94 125 156 187 218 249 19
 48 77 106 135 164 193 222 251 280 0
 31 62 93 124 155 186 217 248 279 20
 49 78 107 136 165 194 223 252 281 310
 30 61 92 123 154 185 216 247 278 309
 21 50 79 108 137 166 195 224 253 282
 311 340 60 91 122 153 184 215 246 277
 308 339 22 51 80 109 138 167 196 225
 254 283 312 341 370 90 121 152 183 214
 245 276 307 338 369 23 52 81 110 139
 168 197 226 255 284 313 342 371 400 120
 151 182 213 244 275 306 337 368 399 24
 53 82 111 140 169 198 227 256 285 314
 343 372 401 430 150 181 212 243 274 305
 336 367 398 429 25 54 83 112 141 170
 199 228 257 286 315 344 373 402 431 460
 180 211 242 273 304 335 366 397 428 459
 26 55 84 113 142 171 200 229 258 287
 316 345 374 403 432 461 490 210 241 272
 303 334 365 396 427 458 489 27 56 85
 114 143 172 201 230 259 288 317 346 375
 404 433 462 491 520 240 271 302 333 364
 395 426 457 488 519 28 57 86 115 144
 173 202 231 260 289 318 347 376 405 434
 463 492 521 550 270 301 332 363 394 425
 456 487 518 549 29 58 87 116 145 174
 203 232 261 290 319 348 377 406 435 464
 493 522 551 580 300 331 362 393 424 455
 486 517 548 579 59 88 117 146 175 204
 233 262 291 320 349 378 407 436 465 494
 523 552 581 610 330 361 392 423 454 485
 516 547 578 609 89 118 147 176 205 234
 263 292 321 350 379 408 437 466 495 524
 553 582 611 640 360 391 422 453 484 515
 546 577 608 639 119 148 177 206 235 264
 293 322 351 380 409 438 467 496 525 554
 583 612 641 670 390 421 452 483 514 545
 576 607 638 669 149 178 207 236 265 294
 323 352 381 410 439 468 497 526 555 584
 613 642 671 700 420 451 482 513 544 575
 606 637 668 699 179 208 237 266 295 324
 353 382 411 440 469 498 527 556 585 614
 643 672 701 730 450 481 512 543 574 605
 636 667 698 729 209 238 267 296 325 354
 383 412 441 470 499 528 557 586 615 644
 673 702 731 760 480 511 542 573 604 635
 666 697 728 759 239 268 297 326 355 384
 413 442 471 500 529 558 587 616 645 674
 703 732 761 790 510 541 572 603 634 665
 696 727 758 789 269 298 327 356 385 414
 443 472 501 530 559 588 617 646 675 704
 733 762 791 820 540 571 602 633 664 695
 726 757 788 819 299 328 357 386 415 444
 473 502 531 560 589 618 647 676 705 734
 763 792 821 850 570 601 632 663 694 725
 756 787 818 849 329 358 387 416 445 474
 503 532 561 590 619 648 677 706 735 764
 793 822 851 880 600 631 662 693 724 755
 786 817 848 879 359 388 417 446 475 504
 533 562 591 620 649 678 707 736 765 794
 823 852 881 910 630 661 692 723 754 785
 816 847 878 909 389 418 447 476 505 534
 563 592 621 650 679 708 737 766 795 824
 853 882 911 940 660 691 722 753 784 815
 846 877 908 939 419 448 477 506 535 564
 593 622 651 680 709 738 767 796 825 854
 883 912 941 970 690 721 752 783 814 845
 876 907 938 969 449 478 507 536 565 594
 623 652 681 710 739 768 797 826 855 884
 913 942 971 1000 720 751 782 813 844 875
 906 937 968 999 479 508 537 566 595 624
 653 682 711 740 769 798 827 856 885 914
 943 972 1001 1030 750 781 812 843 874 905
 936 967 998 1029 509 538 567 596 625 654
 683 712 741 770 799 828 857 886 915 944
 973 1002 1031 1060 780 811 842 873 904 935
 966 997 1028 1059 539 568 597 626 655 684
 713 742 771 800 829 858 887 916 945 974
 1003 1032 1061 1090 810 841 872 903 934 965
 996 1027 1058 1089 569 598 627 656 685 714
 743 772 801 830 859 888 917 946 975 1004
 1033 1062 1091 1120 840 871 902 933 964 995
 1026 1057 1088 1119 599 628 657 686 715 744
 773 802 831 860 889 918 947 976 1005 1034
 1063 1092 1121 1150 870 901 932 963 994 1025
 1056 1087 1118 1149 629 658 687 716 745 774
 803 832 861 890 919 948 977 1006 1035 1064
 1093 1122 1151 1180 900 931 962 993 1024 1055
 1086 1117 1148 1179 659 688 717 746 775 804
 833 862 891 920 949 978 1007 1036 1065 1094
 1123 1152 1181 1210 930 961 992 1023 1054 1085
 1116 1147 1178 1209 689 718 747 776 805 834
 863 892 921 950 979 1008 1037 1066 1095 1124
 1153 1182 1211 1240 960 991 1022 1053 1084 1115
 1146 1177 1208 1239 719 748 777 806 835 864
 893 922 951 980 1009 1038 1067 1096 1125 1154
 1183 1212 1241 1270 990 1021 1052 1083 1114 1145
 1176 1207 1238 1269 749 778 807 836 865 894
 923 952 981 1010 1039 1068 1097 1126 1155 1184
 1213 1242 1271 1300 1020 1051 1082 1113 1144 1175
 1206 1237 1268 1299 779 808 837 866 895 924
 953 982 1011 1040 1069 1098 1127 1156 1185 1214
 1243 1272 1301 1330 1050 1081 1112 1143 1174 1205
 1236 1267 1298 1329 809 838 867 896 925 954
 983 1012 1041 1070 1099 1128 1157 1186 1215 1244
 1273 1302 1331 1360 1080 1111 1142 1173 1204 1235
 1266 1297 1328 1359 839 868 897 926 955 984
 1013 1042 1071 1100 1129 1158 1187 1216 1245 1274
 1303 1332 1361 1390 1110 1141 1172 1203 1234 1265
 1296 1327 1358 1389 869 898 927 956 985 1014
 1043 1072 1101 1130 1159 1188 1217 1246 1275 1304
 1333 1362 1391 1420 1140 1171 1202 1233 1264 1295
 1326 1357 1388 1419 899 928 957 986 1015 1044
 1073 1102 1131 1160 1189 1218 1247 1276 1305 1334
 1363 1392 1421 1450 1170 1201 1232 1263 1294 1325
 1356 1387 1418 1449 929 958 987 1016 1045 1074
 1103 1132 1161 1190 1219 1248 1277 1306 1335 1364
 1393 1422 1451 1480 1200 1231 1262 1293 1324 1355
 1386 1417 1448 1479 959 988 1017 1046 1075 1104
 1133 1162 1191 1220 1249 1278 1307 1336 1365 1394
 1423 1452 1481 1230 1261 1292 1323 1354 1385 1416
 1447 1478 989 1018 1047 1076 1105 1134 1163 1192
 1221 1250 1279 1308 1337 1366 1395 1424 1453 1482
 1260 1291 1322 1353 1384 1415 1446 1477 1019 1048
 1077 1106 1135 1164 1193 1222 1251 1280 1309 1338
 1367 1396 1425 1454 1483 1290 1321 1352 1383 1414
 1445 1476 1049 1078 1107 1136 1165 1194 1223 1252
 1281 1310 1339 1368 1397 1426 1455 1484 1320 1351
 1382 1413 1444 1475 1079 1108 1137 1166 1195 1224
 1253 1282 1311 1340 1369 1398 1427 1456 1485 1350
 1381 1412 1443 1474 1109 1138 1167 1196 1225 1254
 1283 1312 1341 1370 1399 1428 1457 1486 1380 1411
 1442 1473 1139 1168 1197 1226 1255 1284 1313 1342
 1371 1400 1429 1458 1487 1410 1441 1472 1169 1198
 1227 1256 1285 1314 1343 1372 1401 1430 1459 1488
 1440 1471 1199 1228 1257 1286 1315 1344 1373 1402
 1431 1460 1489 1470 1229 1258 1287 1316 1345 1374
 1403 1432 1461 1490 1259 1288 1317 1346 1375 1404
 1433 1462 1491 1289 1318 1347 1376 1405 1434 1463
 1492 1319 1348 1377 1406 1435 1464 1493 1349 1378
 1407 1436 1465 1494 1379 1408 1437 1466 1495 1409
 1438 1467 1496 1439 1468 1497 1469 1498 1499

Graf jest spójny.